1.0,0.0,0.0,0.0,1.0,0.0,0.0,0.0,1.0,0.0,0.0,1.0,0.0
1.0,0.0,0.0,0.0,1.0,0.0,0.0,0.0,1.0,8.511466394774702e-09,0.0,1.000000000567431,0.0
1.0,0.0,0.0,0.0,1.0,0.0,0.0,0.0,1.0,6.800659522446995e-08,0.0,1.000000004533773,0.0
1.0,0.0,0.0,0.0,1.0,0.0,0.0,0.0,1.0,2.2923511685385376e-07,0.0,1.0000000152823412,0.0
1.0,0.0,0.0,0.0,1.0,0.0,0.0,0.0,1.0,5.426919503945953e-07,0.0,1.0000000361794634,0.0
0.9999999999993625,0.0,1.1291921384648688e-06,0.0,1.0,0.0,-1.1291921384648688e-06,0.0,0.9999999999993625,1.0586176696539435e-06,0.0,1.000000070573911,0.0
0.9999999999981011,0.0,1.9487986453598123e-06,0.0,1.0,0.0,-1.9487986453598123e-06,0.0,0.9999999999981011,1.8269988487076658e-06,0.0,1.0000001217981351,0.0
0.9999999999952237,0.0,3.090739512556615e-06,0.0,1.0,0.0,-3.090739512556615e-06,0.0,0.9999999999952237,2.8975685915399823e-06,0.0,1.0000001931667417,0.0
0.9999999999893842,0.0,4.60779333755109e-06,0.0,1.0,0.0,-4.60779333755109e-06,0.0,0.9999999999893842,4.319806917444244e-06,0.0,1.0000002879771313,0.0
0.9999999999785326,0.0,6.552469191726712e-06,0.0,1.0,0.0,-6.552469191726712e-06,0.0,0.9999999999785326,6.142941208955258e-06,0.0,1.0000004095091988,0.0
0.9999999999597067,0.0,8.97700707486155e-06,0.0,1.0,0.0,-8.97700707486155e-06,0.0,0.9999999999597067,8.415946651015467e-06,0.0,1.0000005610251672,0.0
0.9999999999287973,0.0,1.1933378369631488e-05,0.0,1.0,0.0,-1.1933378369631488e-05,0.0,0.9999999999287973,1.1187546671698921e-05,0.0,1.0000007457693956,0.0
0.9999999998802888,0.0,1.547328629610836e-05,0.0,1.0,0.0,-1.547328629610836e-05,0.0,0.9999999998802888,1.450621338455415e-05,0.0,1.0000009669681642,0.0
0.9999999998069747,0.0,1.9648166366251063e-05,0.0,1.0,0.0,-1.9648166366251063e-05,0.0,0.9999999998069747,1.842016803243928e-05,0.0,1.0000012278294368,0.0
0.9999999996996499,0.0,2.450918683838746e-05,0.0,1.0,0.0,-2.450918683838746e-05,0.0,0.9999999996996499,2.2977381432868133e-05,0.0,1.0000015315425992,0.0
0.9999999995467768,0.0,3.0107249171684552e-05,0.0,1.0,0.0,-3.0107249171684552e-05,0.0,0.9999999995467768,2.8225574424906565e-05,0.0,1.0000018812781764,0.0
0.9999999993341309,0.0,3.649298848060392e-05,0.0,1.0,0.0,-3.649298848060392e-05,0.0,0.9999999993341309,3.4212218317387284e-05,0.0,1.0000022801875277,0.0
0.9999999990444218,0.0,4.3716773989338596e-05,0.0,1.0,0.0,-4.3716773989338596e-05,0.0,0.9999999990444218,4.0984535338640705e-05,0.0,1.0000027314025197,0.0
0.9999999986568925,0.0,5.1828709486227986e-05,0.0,1.0,0.0,-5.1828709486227986e-05,0.0,0.9999999986568925,4.858949908755838e-05,0.0,1.0000032380351795,0.0
0.999999998146896,0.0,6.08786337781459e-05,0.0,1.0,0.0,-6.08786337781459e-05,0.0,0.999999998146896,5.7073834986012015e-05,0.0,1.0000038031773262,0.0
0.9999999974854519,0.0,7.091612114485673e-05,0.0,1.0,0.0,-7.091612114485673e-05,0.0,0.9999999974854519,6.648402073256102e-05,0.0,1.0000044299001827,0.0
0.9999999966387805,0.0,8.199048179333444e-05,0.0,1.0,0.0,-8.199048179333444e-05,0.0,0.9999999966387805,7.686628675747134e-05,0.0,1.0000051212539687,0.0
0.9999999955678169,0.0,9.415076231203838e-05,0.0,1.0,0.0,-9.415076231203838e-05,0.0,0.9999999955678169,8.826661667897756e-05,0.0,1.000005880267473,0.0
0.9999999942277058,0.0,0.00010744574612513832,0.0,1.0,0.0,-0.00010744574612513832,0.0,0.9999999942277058,0.00010073074776070457,0.0,1.000006709947607,0.0
0.9999999925672747,0.0,0.00012192395394668269,0.0,1.0,0.0,-0.00012192395394668269,0.0,0.9999999925672747,0.00011430417137034781,0.0,1.0000076132789417,0.0
0.99999999052849,0.0,0.00013763364423470116,0.0,1.0,0.0,-0.00013763364423470116,0.0,0.99999999052849,0.00012903213343940867,0.0,1.000008593223224,0.0
0.9999999880458926,0.0,0.00015462281364523318,0.0,1.0,0.0,-0.00015462281364523318,0.0,0.9999999880458926,0.00014495963492411681,0.0,1.000009652718877,0.0
0.9999999850460168,0.0,0.0001729391974862736,0.0,1.0,0.0,-0.0001729391974862736,0.0,0.9999999850460168,0.00016213143226732923,0.0,1.0000107946804837,0.0
0.9999999814467894,0.0,0.000192630270171625,0.0,1.0,0.0,-0.000192630270171625,0.0,0.9999999814467894,0.00018059203786156312,0.0,1.0000120219982507,0.0
0.9999999771569122,0.0,0.00021374324567464625,0.0,1.0,0.0,-0.00021374324567464625,0.0,0.9999999771569122,0.00020038572051296556,0.0,1.0000133375374598,0.0
0.9999999720752284,0.0,0.0002363250779818872,0.0,1.0,0.0,-0.0002363250779818872,0.0,0.9999999720752284,0.00022155650590624472,0.0,1.0000147441379006,0.0
0.9999999660900701,0.0,0.00026042246154659473,0.0,1.0,0.0,-0.00026042246154659473,0.0,0.9999999660900701,0.0002441481770705491,0.0,1.0000162446132874,0.0
0.999999959078592,0.0,0.00028608183174208123,0.0,1.0,0.0,-0.00028608183174208123,0.0,0.999999959078592,0.0002682042748462037,0.0,1.0000178417506638,0.0
0.9999999509060864,0.0,0.0003133493653149388,0.0,1.0,0.0,-0.0003133493653149388,0.0,0.9999999509060864,0.00029376809835235526,0.0,1.0000195383097883,0.0
0.9999999414252861,0.0,0.0003422709808380879,0.0,1.0,0.0,-0.0003422709808380879,0.0,0.9999999414252861,0.0003208827054553235,0.0,1.0000213370225082,0.0
0.9999999304756493,0.0,0.00037289233916364264,0.0,1.0,0.0,-0.00037289233916364264,0.0,0.9999999304756493,0.00034959091323783517,0.0,1.000023240592119,0.0
0.9999999178826313,0.0,0.0004052588438755804,0.0,1.0,0.0,-0.0004052588438755804,0.0,0.9999999178826313,0.00037993529846889936,0.0,1.000025251692709,0.0
0.9999999034569422,0.0,0.0004394156417421973,0.0,1.0,0.0,-0.0004394156417421973,0.0,0.9999999034569422,0.0004119581980744207,0.0,1.0000273729684923,0.0
0.9999998869937895,0.0,0.00047540762316833254,0.0,1.0,0.0,-0.00047540762316833254,0.0,0.9999998869937895,0.0004457017096084682,0.0,1.0000296070331256,0.0
0.9999998682721085,0.0,0.0005132794226473455,0.0,1.0,0.0,-0.0005132794226473455,0.0,0.9999998682721085,0.0004812076917251042,0.0,1.0000319564690172,0.0
0.9999998470537786,0.0,0.0005530754192128251,0.0,1.0,0.0,-0.0005530754192128251,0.0,0.9999998470537786,0.0005185177646508583,0.0,1.0000344238266183,0.0
0.9999998230828281,0.0,0.0005948397368900143,0.0,1.0,0.0,-0.0005948397368900143,0.0,0.9999998230828281,0.000557673310657633,0.0,1.000037011623707,0.0
0.999999796084625,0.0,0.0006386162451469272,0.0,1.0,0.0,-0.0006386162451469272,0.0,0.999999796084625,0.0005987154745361837,0.0,1.0000397223446575,0.0
0.9999997657650573,0.0,0.0006844485593451413,0.0,1.0,0.0,-0.0006844485593451413,0.0,0.9999997657650573,0.0006416851640699866,0.0,1.0000425584397004,0.0
0.9999997318097017,0.0,0.0007323800411902392,0.0,1.0,0.0,-0.0007323800411902392,0.0,0.9999997318097017,0.0006866230505094933,0.0,1.0000455223241698,0.0
0.9999996938829793,0.0,0.0007824537991818818,0.0,1.0,0.0,-0.0007824537991818818,0.0,0.9999996938829793,0.0007335695690468101,0.0,1.000048616377742,0.0
0.9999996516273026,0.0,0.0008347126890634881,0.0,1.0,0.0,-0.0008347126890634881,0.0,0.9999996516273026,0.0007825649192906049,0.0,1.0000518429436627,0.0
0.9999996046622116,0.0,0.000889199314271497,0.0,1.0,0.0,-0.000889199314271497,0.0,0.9999996046622116,0.0008336490657413034,0.0,1.0000552043279654,0.0
0.9999995525834979,0.0,0.0009459560263841887,0.0,1.0,0.0,-0.0009459560263841887,0.0,0.9999995525834979,0.0008868617382665565,0.0,1.0000587027986783,0.0
0.999999494962322,0.0,0.001005024925570039,0.0,1.0,0.0,-0.001005024925570039,0.0,0.999999494962322,0.0009422424325767875,0.0,1.000062340585025,0.0
0.9999994313443181,0.0,0.0010664478610355836,0.0,1.0,0.0,-0.0010664478610355836,0.0,0.9999994313443181,0.000999830410700977,0.0,1.000066119876613,0.0
0.9999993612486929,0.0,0.001130266431472759,0.0,1.0,0.0,-0.001130266431472759,0.0,0.9999993612486929,0.0010596647014624034,0.0,1.0000700428226166,0.0
0.9999992841673129,0.0,0.001196521985505701,0.0,1.0,0.0,-0.001196521985505701,0.0,0.9999992841673129,0.0011217841009545403,0.0,1.00007411153095,0.0
0.999999199563785,0.0,0.0012652556221369705,0.0,1.0,0.0,-0.0012652556221369705,0.0,0.999999199563785,0.001186227173016846,0.0,1.000078328067432,0.0
0.9999991068725286,0.0,0.0013365081911931725,0.0,1.0,0.0,-0.0013365081911931725,0.0,0.9999991068725286,0.0012530322497105635,0.0,1.000082694454945,0.0
0.9999990054978399,0.0,0.001410320293769946,0.0,1.0,0.0,-0.001410320293769946,0.0,0.9999990054978399,0.0013222374317943288,0.0,1.0000872126725855,0.0
0.9999988948129491,0.0,0.0014867322826762916,0.0,1.0,0.0,-0.0014867322826762916,0.0,0.9999988948129491,0.0013938805891997037,0.0,1.000091884654807,0.0
0.9999987741590697,0.0,0.001565784262878207,0.0,1.0,0.0,-0.001565784262878207,0.0,0.9999987741590697,0.0014679993615064643,0.0,1.0000967122905577,0.0
0.9999986428444425,0.0,0.0016475160919415986,0.0,1.0,0.0,-0.0016475160919415986,0.0,0.9999986428444425,0.001544631158417592,0.0,1.0001016974224113,0.0
0.9999985001433717,0.0,0.00173196738047444,0.0,1.0,0.0,-0.00173196738047444,0.0,0.9999985001433717,0.001623813160234059,0.0,1.0001068418456907,0.0
0.9999983452952562,0.0,0.0018191774925681327,0.0,1.0,0.0,-0.0018191774925681327,0.0,0.9999983452952562,0.001705582318329111,0.0,1.0001121473075882,0.0
0.9999981775036143,0.0,0.0019091855462380623,0.0,1.0,0.0,-0.0019091855462380623,0.0,0.9999981775036143,0.0017899753556222897,0.0,1.0001176155062783,0.0
0.9999979959351029,0.0,0.002002030413863283,0.0,1.0,0.0,-0.002002030413863283,0.0,0.9999979959351029,0.0018770287670528997,0.0,1.0001232480900253,0.0
0.9999977997185322,0.0,0.0020977507226253257,0.0,1.0,0.0,-0.0020977507226253257,0.0,0.9999977997185322,0.0019667788200529806,0.0,1.000129046656288,0.0
0.9999975879438755,0.0,0.0021963848549460714,0.0,1.0,0.0,-0.0021963848549460714,0.0,0.9999975879438755,0.002059261555019724,0.0,1.0001350127508175,0.0
0.9999973596612732,0.0,0.002297970948924675,0.0,1.0,0.0,-0.002297970948924675,0.0,0.9999973596612732,0.0021545127857873062,0.0,1.0001411478667515,0.0
0.9999971138800348,0.0,0.002402546898773487,0.0,1.0,0.0,-0.002402546898773487,0.0,0.9999971138800348,0.0022525681000979715,0.0,1.000147453443706,0.0
0.9999968495676343,0.0,0.002510150355252942,0.0,1.0,0.0,-0.002510150355252942,0.0,0.9999968495676343,0.002353462860072487,0.0,1.0001539308668606,0.0
0.9999965656487051,0.0,0.002620818726105386,0.0,1.0,0.0,-0.002620818726105386,0.0,0.9999965656487051,0.0024572322026797312,0.0,1.0001605814660426,0.0
0.9999962610040278,0.0,0.0027345891764877887,0.0,1.0,0.0,-0.0027345891764877887,0.0,0.9999962610040278,0.002563911040205563,0.0,1.0001674065148065,0.0
0.999995934469519,0.0,0.002851498629403312,0.0,1.0,0.0,-0.002851498629403312,0.0,0.999995934469519,0.002673534060720671,0.0,1.0001744072295118,0.0
0.9999955848352136,0.0,0.0029715837661317013,0.0,1.0,0.0,-0.0029715837661317013,0.0,0.9999955848352136,0.002786135728547623,0.0,1.000181584768396,0.0
0.9999952108442474,0.0,0.003094881026658453,0.0,1.0,0.0,-0.003094881026658453,0.0,0.9999952108442474,0.00290175028472684,0.0,1.000188940230648,0.0
0.999994811191836,0.0,0.0032214266101027096,0.0,1.0,0.0,-0.0032214266101027096,0.0,0.999994811191836,0.0030204117474815426,0.0,1.0001964746554777,0.0
0.9999943845242522,0.0,0.0033512564751438656,0.0,1.0,0.0,-0.0033512564751438656,0.0,0.9999943845242522,0.003142153912681615,0.0,1.0002041890211828,0.0
0.9999939294378014,0.0,0.0034844063404468307,0.0,1.0,0.0,-0.0034844063404468307,0.0,0.9999939294378014,0.003267010354306316,0.0,1.0002120842442168,0.0
0.9999934444777969,0.0,0.003620911685085904,0.0,1.0,0.0,-0.003620911685085904,0.0,0.9999934444777969,0.003395014424905728,0.0,1.0002201611782524,0.0
0.999992928137532,0.0,0.0037608077489672278,0.0,1.0,0.0,-0.0037608077489672278,0.0,0.999992928137532,0.0035261992560610246,0.0,1.0002284206132468,0.0
0.9999923788572529,0.0,0.0039041295332497817,0.0,1.0,0.0,-0.0039041295332497817,0.0,0.9999923788572529,0.003660597758843365,0.0,1.0002368632745027,0.0
0.9999917950231304,0.0,0.004050911800764861,0.0,1.0,0.0,-0.004050911800764861,0.0,0.9999917950231304,0.0037982426242714074,0.0,1.0002454898217326,0.0
0.9999911749662315,0.0,0.004201189076434015,0.0,1.0,0.0,-0.004201189076434015,0.0,0.9999911749662315,0.0039391663237674235,0.0,1.000254300848119,0.0
0.9999905169614903,0.0,0.004354995647685383,0.0,1.0,0.0,-0.004354995647685383,0.0,0.9999905169614903,0.004083401109611902,0.0,1.0002632968793774,0.0
0.9999898192266804,0.0,0.004512365564868422,0.0,1.0,0.0,-0.004512365564868422,0.0,0.9999898192266804,0.004230979015396622,0.0,1.0002724783728172,0.0
0.9999890799213861,0.0,0.004673332641666922,0.0,1.0,0.0,-0.004673332641666922,0.0,0.9999890799213861,0.00438193185647611,0.0,1.0002818457164036,0.0
0.9999882971459755,0.0,0.004837930455510331,0.0,1.0,0.0,-0.004837930455510331,0.0,0.9999882971459755,0.0045362912304174685,0.0,1.0002913992278215,0.0
0.9999874689405738,0.0,0.00500619234798331,0.0,1.0,0.0,-0.00500619234798331,0.0,0.9999874689405738,0.004694088517448494,0.0,1.0003011391535368,0.0
0.9999865932840386,0.0,0.0051781514252334715,0.0,1.0,0.0,-0.0051781514252334715,0.0,0.9999865932840386,0.004855354880903968,0.0,1.0003110656678633,0.0
0.999985668092936,0.0,0.00535384055837728,0.0,1.0,0.0,-0.00535384055837728,0.0,0.999985668092936,0.005020121267670202,0.0,1.000321178872026,0.0
0.9999846912205177,0.0,0.005533292383904055,0.0,1.0,0.0,-0.005533292383904055,0.0,0.9999846912205177,0.005188418408627697,0.0,1.0003314787932294,0.0
0.9999836604557021,0.0,0.005716539304078037,0.0,1.0,0.0,-0.005716539304078037,0.0,0.9999836604557021,0.005360276819091779,0.0,1.0003419653837256,0.0
0.999982573522055,0.0,0.005903613487338466,0.0,1.0,0.0,-0.005903613487338466,0.0,0.999982573522055,0.0055357267992513755,0.0,1.0003526385198853,0.0
0.9999814280767745,0.0,0.006094546868697642,0.0,1.0,0.0,-0.006094546868697642,0.0,0.9999814280767745,0.005714798434605635,0.0,1.0003634980012697,0.0
0.9999802217096775,0.0,0.00628937115013691,0.0,1.0,0.0,-0.00628937115013691,0.0,0.9999802217096775,0.005897521596398512,0.0,1.0003745435497062,0.0
0.9999789519421898,0.0,0.006488117801000537,0.0,1.0,0.0,-0.006488117801000537,0.0,0.9999789519421898,0.006083925942051142,0.0,1.0003857748083655,0.0
0.9999776162263381,0.0,0.006690818058387405,0.0,1.0,0.0,-0.006690818058387405,0.0,0.9999776162263381,0.006274040915592064,0.0,1.0003971913408412,0.0
0.9999762119437465,0.0,0.006897502927540543,0.0,1.0,0.0,-0.006897502927540543,0.0,0.9999762119437465,0.006467895748085103,0.0,1.0004087926302336,0.0
0.9999747364046354,0.0,0.007108203182234365,0.0,1.0,0.0,-0.007108203182234365,0.0,0.9999747364046354,0.006665519458055005,0.0,1.0004205780782354,0.0
0.999973186846825,0.0,0.0073229493651596565,0.0,1.0,0.0,-0.0073229493651596565,0.0,0.999973186846825,0.006866940851910617,0.0,1.000432547004221,0.0
0.9999715604347421,0.0,0.007541771788306182,0.0,1.0,0.0,-0.007541771788306182,0.0,0.9999715604347421,0.0070721885243656656,0.0,1.0004446986443398,0.0
0.9999698542584309,0.0,0.007764700533342944,0.0,1.0,0.0,-0.007764700533342944,0.0,0.9999698542584309,0.007281290858857082,0.0,1.000457032150613,0.0
0.9999680653325687,0.0,0.007991765451996001,0.0,1.0,0.0,-0.007991765451996001,0.0,0.9999680653325687,0.007494276027960712,0.0,1.0004695465900328,0.0
0.9999661905954855,0.0,0.008222996166423815,0.0,1.0,0.0,-0.008222996166423815,0.0,0.9999661905954855,0.0077111719938044825,0.0,1.000482240943669,0.0
0.9999642269081893,0.0,0.008458422069590094,0.0,1.0,0.0,-0.008458422069590094,0.0,0.9999642269081893,0.007932006508478884,0.0,1.000495114105777,0.0
0.9999621710533945,0.0,0.008698072325634049,0.0,1.0,0.0,-0.008698072325634049,0.0,0.9999621710533945,0.008156807114444768,0.0,1.0005081648829095,0.0
0.9999600197345573,0.0,0.008941975870238098,0.0,1.0,0.0,-0.008941975870238098,0.0,0.9999600197345573,0.008385601144938387,0.0,1.0005213919930374,0.0
0.9999577695749156,0.0,0.00919016141099286,0.0,1.0,0.0,-0.00919016141099286,0.0,0.9999577695749156,0.008618415724373588,0.0,1.0005347940646705,0.0
0.9999554171165342,0.0,0.009442657427759519,0.0,1.0,0.0,-0.009442657427759519,0.0,0.9999554171165342,0.008855277768741161,0.0,1.0005483696359858,0.0
0.9999529588193563,0.0,0.00969949217302941,0.0,1.0,0.0,-0.00969949217302941,0.0,0.9999529588193563,0.009096213986005306,0.0,1.000562117153961,0.0
0.9999503910602601,0.0,0.00996069367228086,0.0,1.0,0.0,-0.00996069367228086,0.0,0.9999503910602601,0.009341250876497056,0.0,1.0005760349735113,0.0
0.9999477101321218,0.0,0.01022628972433319,0.0,1.0,0.0,-0.01022628972433319,0.0,0.9999477101321218,0.009590414733304756,0.0,1.000590121356635,0.0
0.9999449122428858,0.0,0.010496307901697862,0.0,1.0,0.0,-0.010496307901697862,0.0,0.9999449122428858,0.009843731642661384,0.0,1.0006043744715616,0.0
0.9999419935146396,0.0,0.010770775550926719,0.0,1.0,0.0,-0.010770775550926719,0.0,0.9999419935146396,0.010101227484328824,0.0,1.0006187923919077,0.0
0.9999389499826963,0.0,0.011049719792957312,0.0,1.0,0.0,-0.011049719792957312,0.0,0.9999389499826963,0.010362927931978965,0.0,1.0006333730958377,0.0
0.999935777594684,0.0,0.011333167523455156,0.0,1.0,0.0,-0.011333167523455156,0.0,0.999935777594684,0.010628858453571461,0.0,1.0006481144652322,0.0
0.999932472209642,0.0,0.011621145413153062,0.0,1.0,0.0,-0.011621145413153062,0.0,0.999932472209642,0.010899044311728374,0.0,1.0006630142848614,0.0
0.9999290295971236,0.0,0.011913679908187326,0.0,1.0,0.0,-0.011913679908187326,0.0,0.9999290295971236,0.011173510564105395,0.0,1.0006780702415652,0.0
0.9999254454363071,0.0,0.012210797230430824,0.0,1.0,0.0,-0.012210797230430824,0.0,0.9999254454363071,0.011452282063759705,0.0,1.0006932799234398,0.0
0.9999217153151138,0.0,0.012512523377823003,0.0,1.0,0.0,-0.012512523377823003,0.0,0.9999217153151138,0.011735383459514458,0.0,1.000708640819033,0.0
0.9999178347293329,0.0,0.012818884124696587,0.0,1.0,0.0,-0.012818884124696587,0.0,0.9999178347293329,0.012022839196319746,0.0,1.0007241503165432,0.0
0.9999137990817561,0.0,0.013129905022101153,0.0,1.0,0.0,-0.013129905022101153,0.0,0.9999137990817561,0.012314673515610075,0.0,1.0007398057030277,0.0
0.9999096036813181,0.0,0.013445611398123372,0.0,1.0,0.0,-0.013445611398123372,0.0,0.9999096036813181,0.012610910455658287,0.0,1.0007556041636185,0.0
0.9999052437422463,0.0,0.013766028358203989,0.0,1.0,0.0,-0.013766028358203989,0.0,0.9999052437422463,0.012911573851925848,0.0,1.0007715427807438,0.0
0.999900714383219,0.0,0.014091180785451407,0.0,1.0,0.0,-0.014091180785451407,0.0,0.999900714383219,0.013216687337409506,0.0,1.0007876185333586,0.0
0.9998960106265309,0.0,0.01442109334095197,0.0,1.0,0.0,-0.01442109334095197,0.0,0.9998960106265309,0.013526274342984293,0.0,1.0008038282961822,0.0
0.9998911273972683,0.0,0.014755790464076721,0.0,1.0,0.0,-0.014755790464076721,0.0,0.9998911273972683,0.013840358097742662,0.0,1.0008201688389438,0.0
0.9998860595224927,0.0,0.015095296372784804,0.0,1.0,0.0,-0.015095296372784804,0.0,0.9998860595224927,0.014158961629329968,0.0,1.0008366368256358,0.0
0.9998808017304327,0.0,0.015439635063923325,0.0,1.0,0.0,-0.015439635063923325,0.0,0.9998808017304327,0.014482107764276077,0.0,1.000853228813776,0.0
0.9998753486496859,0.0,0.015788830313523704,0.0,1.0,0.0,-0.015788830313523704,0.0,0.9998753486496859,0.01480981912832311,0.0,1.0008699412536757,0.0
0.9998696948084287,0.0,0.016142905677094428,0.0,1.0,0.0,-0.016142905677094428,0.0,0.9998696948084287,0.015142118146749237,0.0,1.0008867704877202,0.0
0.9998638346336374,0.0,0.016501884489910308,0.0,1.0,0.0,-0.016501884489910308,0.0,0.9998638346336374,0.015479027044688584,0.0,1.0009037127496545,0.0
0.9998577624503158,0.0,0.01686578986729801,0.0,1.0,0.0,-0.01686578986729801,0.0,0.9998577624503158,0.01582056784744715,0.0,1.000920764163877,0.0
0.9998514724807356,0.0,0.017234644704917958,0.0,1.0,0.0,-0.017234644704917958,0.0,0.9998514724807356,0.016166762380814614,0.0,1.000937920744747,0.0
0.9998449588436841,0.0,0.017608471679042576,0.0,1.0,0.0,-0.017608471679042576,0.0,0.9998449588436841,0.01651763227137216,0.0,1.0009551783958939,0.0
0.9998382155537228,0.0,0.017987293246830783,0.0,1.0,0.0,-0.017987293246830783,0.0,0.9998382155537228,0.01687319894679619,0.0,1.000972532909542,0.0
0.9998312365204557,0.0,0.018371131646598718,0.0,1.0,0.0,-0.018371131646598718,0.0,0.9998312365204557,0.01723348363615782,0.0,1.0009899799658397,0.0
0.9998240155478082,0.0,0.018760008898086742,0.0,1.0,0.0,-0.018760008898086742,0.0,0.9998240155478082,0.017598507370218314,0.0,1.0010075151322007,0.0
0.9998165463333153,0.0,0.01915394680272257,0.0,1.0,0.0,-0.01915394680272257,0.0,0.9998165463333153,0.01796829098172021,0.0,1.0010251338626532,0.0
0.9998088224674213,0.0,0.01955296694388059,0.0,1.0,0.0,-0.01955296694388059,0.0,0.9998088224674213,0.018342855105674228,0.0,1.0010428314972,0.0
0.9998008374327886,0.0,0.01995709068713731,0.0,1.0,0.0,-0.01995709068713731,0.0,0.9998008374327886,0.01872222017964195,0.0,1.0010606032611853,0.0
0.9997925846036186,0.0,0.02036633918052293,0.0,1.0,0.0,-0.02036633918052293,0.0,0.9997925846036186,0.019106406444014085,0.0,1.0010784442646752,0.0
0.9997840572449823,0.0,0.02078073335476897,0.0,1.0,0.0,-0.02078073335476897,0.0,0.9997840572449823,0.019495433942284517,0.0,1.001096349501844,0.0
0.9997752485121618,0.0,0.021200293923551976,0.0,1.0,0.0,-0.021200293923551976,0.0,0.9997752485121618,0.019889322521319867,0.0,1.0011143138503737,0.0
0.9997661514500037,0.0,0.02162504138373325,0.0,1.0,0.0,-0.02162504138373325,0.0,0.9997661514500037,0.020288091831624694,0.0,1.0011323320708618,0.0
0.9997567589922821,0.0,0.022054996015594578,0.0,1.0,0.0,-0.022054996015594578,0.0,0.9997567589922821,0.02069176132760229,0.0,1.0011503988062391,0.0
0.999747063961074,0.0,0.02249017788306995,0.0,1.0,0.0,-0.02249017788306995,0.0,0.999747063961074,0.021100350267810958,0.0,1.0011685085811988,0.0
0.9997370590661455,0.0,0.022930606833973282,0.0,1.0,0.0,-0.022930606833973282,0.0,0.9997370590661455,0.021513877715215863,0.0,1.0011866558016347,0.0
0.9997267369043493,0.0,0.023376302500222015,0.0,1.0,0.0,-0.023376302500222015,0.0,0.9997267369043493,0.021932362537436308,0.0,1.0012048347540914,0.0
0.9997160899590342,0.0,0.023827284298056712,0.0,1.0,0.0,-0.023827284298056712,0.0,0.9997160899590342,0.022355823406988537,0.0,1.001223039605223,0.0
0.9997051105994651,0.0,0.02428357142825649,0.0,1.0,0.0,-0.02428357142825649,0.0,0.9997051105994651,0.022784278801523894,0.0,1.0012412644012645,0.0
0.9996937910802567,0.0,0.024745182876350403,0.0,1.0,0.0,-0.024745182876350403,0.0,0.9996937910802567,0.023217747004062466,0.0,1.0012595030675124,0.0
0.9996821235408168,0.0,0.025212137412824655,0.0,1.0,0.0,-0.025212137412824655,0.0,0.9996821235408168,0.02365624610322207,0.0,1.0012777494078173,0.0
0.9996701000048027,0.0,0.025684453593325687,0.0,1.0,0.0,-0.025684453593325687,0.0,0.9996701000048027,0.02409979399344267,0.0,1.0012959971040853,0.0
0.99965771237959,0.0,0.02616214975885911,0.0,1.0,0.0,-0.02616214975885911,0.0,0.99965771237959,0.02454840837520605,0.0,1.0013142397157944,0.0
0.9996449524557521,0.0,0.026645244035984433,0.0,1.0,0.0,-0.026645244035984433,0.0,0.9996449524557521,0.0250021067552509,0.0,1.0013324706795166,0.0
0.9996318119065535,0.0,0.02713375433700563,0.0,1.0,0.0,-0.02713375433700563,0.0,0.9996318119065535,0.025460906446783196,0.0,1.0013506833084567,0.0
0.9996182822874541,0.0,0.02762769836015754,0.0,1.0,0.0,-0.02762769836015754,0.0,0.9996182822874541,0.025924824569681818,0.0,1.001368870791998,0.0
0.9996043550356267,0.0,0.02812709358978796,0.0,1.0,0.0,-0.02812709358978796,0.0,0.9996043550356267,0.02639387805069955,0.0,1.0013870261952618,0.0
0.999590021469487,0.0,0.02863195729653565,0.0,1.0,0.0,-0.02863195729653565,0.0,0.999590021469487,0.02686808362365924,0.0,1.0014051424586774,0.0
0.9995752727882349,0.0,0.029142306537503982,0.0,1.0,0.0,-0.029142306537503982,0.0,0.9995752727882349,0.02734745782964531,0.0,1.0014232123975642,0.0
0.9995601000714105,0.0,0.029658158156430452,0.0,1.0,0.0,-0.029658158156430452,0.0,0.9995601000714105,0.0278320170171904,0.0,1.0014412287017243,0.0
0.9995444942784611,0.0,0.03017952878385188,0.0,1.0,0.0,-0.03017952878385188,0.0,0.9995444942784611,0.028321777342457322,0.0,1.001459183935048,0.0
0.999528446248322,0.0,0.0307064348372654,0.0,1.0,0.0,-0.0307064348372654,0.0,0.999528446248322,0.028816754769416194,0.0,1.001477070535131,0.0
0.9995119466990094,0.0,0.0312388925212852,0.0,1.0,0.0,-0.0312388925212852,0.0,0.9995119466990094,0.02931696507001679,0.0,1.0014948808129016,0.0
0.9994949862272274,0.0,0.03177691782779497,0.0,1.0,0.0,-0.03177691782779497,0.0,0.9994949862272274,0.029822423824356077,0.0,1.0015126069522629,0.0
0.9994775553079867,0.0,0.032320526536096135,0.0,1.0,0.0,-0.032320526536096135,0.0,0.9994775553079867,0.030333146420840968,0.0,1.0015302410097435,0.0
0.9994596442942373,0.0,0.032869734213051775,0.0,1.0,0.0,-0.032869734213051775,0.0,0.9994596442942373,0.030849148056346223,0.0,1.0015477749141632,0.0
0.9994412434165146,0.0,0.03342455621322634,0.0,1.0,0.0,-0.03342455621322634,0.0,0.9994412434165146,0.031370443736367534,0.0,1.0015652004663091,0.0
0.999422342782598,0.0,0.03398500767902106,0.0,1.0,0.0,-0.03398500767902106,0.0,0.999422342782598,0.03189704827516988,0.0,1.0015825093386244,0.0
0.9994029323771831,0.0,0.03455110354080515,0.0,1.0,0.0,-0.03455110354080515,0.0,0.9994029323771831,0.032428976295930896,0.0,1.0015996930749096,0.0
0.9993830020615679,0.0,0.0351228585170427,0.0,1.0,0.0,-0.0351228585170427,0.0,0.9993830020615679,0.032966242230879544,0.0,1.0016167430900351,0.0
0.9993625415733512,0.0,0.0357002871144153,0.0,1.0,0.0,-0.0357002871144153,0.0,0.9993625415733512,0.0335088603214299,0.0,1.0016336506696677,0.0
0.9993415405261467,0.0,0.03628340362794055,0.0,1.0,0.0,-0.03628340362794055,0.0,0.9993415405261467,0.03405684461831011,0.0,1.0016504069700087,0.0
0.9993199884093075,0.0,0.03687222214108621,0.0,1.0,0.0,-0.03687222214108621,0.0,0.9993199884093075,0.03461020898168661,0.0,1.0016670030175436,0.0
0.9992978745876678,0.0,0.037466756525880114,0.0,1.0,0.0,-0.037466756525880114,0.0,0.9992978745876678,0.03516896708128338,0.0,1.0016834297088062,0.0
0.9992751883012962,0.0,0.03806702044301594,0.0,1.0,0.0,-0.03806702044301594,0.0,0.9992751883012962,0.035733132396496434,0.0,1.0016996778101537,0.0
0.9992519186652625,0.0,0.03867302734195476,0.0,1.0,0.0,-0.03867302734195476,0.0,0.9992519186652625,0.03630271821650369,0.0,1.0017157379575559,0.0
0.9992280546694201,0.0,0.03928479046102228,0.0,1.0,0.0,-0.03928479046102228,0.0,0.9992280546694201,0.03687773764036965,0.0,1.0017316006563952,0.0
0.9992035851782007,0.0,0.039902322827502064,0.0,1.0,0.0,-0.039902322827502064,0.0,0.9992035851782007,0.037458203577145646,0.0,1.0017472562812821,0.0
0.999178498930424,0.0,0.04052563725772444,0.0,1.0,0.0,-0.04052563725772444,0.0,0.999178498930424,0.038044128745965175,0.0,1.0017626950758802,0.0
0.9991527845391207,0.0,0.041154746357151335,0.0,1.0,0.0,-0.041154746357151335,0.0,0.9991527845391207,0.03863552567613433,0.0,1.0017779071527477,0.0
0.99912643049137,0.0,0.041789662520456954,0.0,1.0,0.0,-0.041789662520456954,0.0,0.99912643049137,0.039232406707217775,0.0,1.0017928824931879,0.0
0.999099425148151,0.0,0.042430397931604254,0.0,1.0,0.0,-0.042430397931604254,0.0,0.999099425148151,0.03983478398911956,0.0,1.0018076109471168,0.0
0.9990717567442086,0.0,0.04307696456391745,0.0,1.0,0.0,-0.04307696456391745,0.0,0.9990717567442086,0.04044266948215959,0.0,1.0018220822329404,0.0
0.999043413387933,0.0,0.043729374180150354,0.0,1.0,0.0,-0.043729374180150354,0.0,0.999043413387933,0.04105607495714515,0.0,1.0018362859374466,0.0
0.9990143830612543,0.0,0.04438763833255063,0.0,1.0,0.0,-0.04438763833255063,0.0,0.9990143830612543,0.04167501199543782,0.0,1.0018502115157104,0.0
0.9989846536195508,0.0,0.04505176836292005,0.0,1.0,0.0,-0.04505176836292005,0.0,0.9989846536195508,0.04229949198901562,0.0,1.0018638482910114,0.0
0.9989542127915713,0.0,0.045721775402670736,0.0,1.0,0.0,-0.045721775402670736,0.0,0.9989542127915713,0.04292952614053062,0.0,1.001877185454765,0.0
0.9989230481793729,0.0,0.04639767037287743,0.0,1.0,0.0,-0.04639767037287743,0.0,0.9989230481793729,0.0435651254633618,0.0,1.001890212066467,0.0
0.9988911472582729,0.0,0.047079463984325616,0.0,1.0,0.0,-0.047079463984325616,0.0,0.9988911472582729,0.044206300781663224,0.0,1.001902917053651,0.0
0.9988584973768139,0.0,0.047767166737556065,0.0,1.0,0.0,-0.047767166737556065,0.0,0.9988584973768139,0.044853062730407955,0.0,1.0019152892118603,0.0
0.9988250857567453,0.0,0.04846078892290508,0.0,1.0,0.0,-0.04846078892290508,0.0,0.9988250857567453,0.04550542175542694,0.0,1.0019273172046304,0.0
0.9987908994930182,0.0,0.049160340620541074,0.0,1.0,0.0,-0.049160340620541074,0.0,0.9987908994930182,0.046163388113443615,0.0,1.0019389895634885,0.0
0.998755925553795,0.0,0.04986583170049732,0.0,1.0,0.0,-0.04986583170049732,0.0,0.998755925553795,0.046826971872104065,0.0,1.001950294687964,0.0
0.9987201507804739,0.0,0.050577271822700776,0.0,1.0,0.0,-0.050577271822700776,0.0,0.9987201507804739,0.04749618291000236,0.0,1.001961220845613,0.0
0.9986835618877282,0.0,0.05129467043699713,0.0,1.0,0.0,-0.05129467043699713,0.0,0.9986835618877282,0.04817103091670181,0.0,1.0019717561720576,0.0
0.9986461454635593,0.0,0.052018036783172246,0.0,1.0,0.0,-0.052018036783172246,0.0,0.9986461454635593,0.04885152539275153,0.0,1.0019818886710352,0.0
0.998607887969366,0.0,0.05274737989096966,0.0,1.0,0.0,-0.05274737989096966,0.0,0.998607887969366,0.0495376756496987,0.0,1.0019916062144663,0.0
0.9985687757400267,0.0,0.05348270858010463,0.0,1.0,0.0,-0.05348270858010463,0.0,0.9985687757400267,0.050229490810096436,0.0,1.0020008965425315,0.0
0.998528794983998,0.0,0.05422403146027445,0.0,1.0,0.0,-0.05422403146027445,0.0,0.998528794983998,0.05092697980750743,0.0,1.0020097472637652,0.0
0.9984879317834274,0.0,0.05497135693116507,0.0,1.0,0.0,-0.05497135693116507,0.0,0.9984879317834274,0.05163015138650304,0.0,1.002018145855161,0.0
0.9984461720942803,0.0,0.0557246931824544,0.0,1.0,0.0,-0.0557246931824544,0.0,0.9984461720942803,0.05233901410265849,0.0,1.0020260796622913,0.0
0.9984035017464828,0.0,0.056484048193811816,0.0,1.0,0.0,-0.056484048193811816,0.0,0.9984035017464828,0.053053576322543414,0.0,1.002033535899441,0.0
0.9983599064440786,0.0,0.05724942973489449,0.0,1.0,0.0,-0.05724942973489449,0.0,0.9983599064440786,0.05377384622370868,0.0,1.0020405016497547,0.0
0.9983153717654012,0.0,0.05802084536534008,0.0,1.0,0.0,-0.05802084536534008,0.0,0.9983153717654012,0.05449983179466877,0.0,1.0020469638653973,0.0
0.9982698831632612,0.0,0.058798302434756027,0.0,1.0,0.0,-0.058798302434756027,0.0,0.9982698831632612,0.05523154083487996,0.0,1.0020529093677295,0.0
0.9982234259651471,0.0,0.05958180808270579,0.0,1.0,0.0,-0.05958180808270579,0.0,0.9982234259651471,0.055968980954714996,0.0,1.0020583248474946,0.0
0.9981759853734439,0.0,0.06037136923869152,0.0,1.0,0.0,-0.06037136923869152,0.0,0.9981759853734439,0.05671215957543307,0.0,1.0020631968650218,0.0
0.9981275464656628,0.0,0.06116699262213351,0.0,1.0,0.0,-0.06116699262213351,0.0,0.9981275464656628,0.05746108392914625,0.0,1.0020675118504423,0.0
0.9980780941946896,0.0,0.06196868474234681,0.0,1.0,0.0,-0.06196868474234681,0.0,0.9980780941946896,0.058215761058782046,0.0,1.0020712561039182,0.0
0.9980276133890452,0.0,0.06277645189851412,0.0,1.0,0.0,-0.06277645189851412,0.0,0.9980276133890452,0.05897619781804168,0.0,1.002074415795887,0.0
0.997976088753163,0.0,0.06359030017965626,0.0,1.0,0.0,-0.06359030017965626,0.0,0.997976088753163,0.05974240087135507,0.0,1.0020769769673188,0.0
0.9979235048676802,0.0,0.06441023546459912,0.0,1.0,0.0,-0.06441023546459912,0.0,0.9979235048676802,0.06051437669383168,0.0,1.0020789255299876,0.0
0.9978698461897441,0.0,0.06523626342193799,0.0,1.0,0.0,-0.06523626342193799,0.0,0.9978698461897441,0.06129213157120787,0.0,1.0020802472667563,0.0
0.9978150970533344,0.0,0.06606838950999863,0.0,1.0,0.0,-0.06606838950999863,0.0,0.9978150970533344,0.06207567159979034,0.0,1.0020809278318759,0.0
0.9977592416695993,0.0,0.06690661897679591,0.0,1.0,0.0,-0.06690661897679591,0.0,0.9977592416695993,0.06286500268639623,0.0,1.002080952751299,0.0
0.9977022641272074,0.0,0.06775095685998932,0.0,1.0,0.0,-0.06775095685998932,0.0,0.9977022641272074,0.06366013054828953,0.0,1.0020803074230062,0.0
0.9976441483927141,0.0,0.06860140798683594,0.0,1.0,0.0,-0.06860140798683594,0.0,0.9976441483927141,0.06446106071311407,0.0,1.0020789771173466,0.0
0.9975848783109434,0.0,0.0694579769741406,0.0,1.0,0.0,-0.0694579769741406,0.0,0.9975848783109434,0.06526779851882286,0.0,1.0020769469773934,0.0
0.9975244376053847,0.0,0.0703206682282038,0.0,1.0,0.0,-0.0703206682282038,0.0,0.9975244376053847,0.06608034911360455,0.0,1.002074202019311,0.0
0.9974628098786039,0.0,0.07118948594476639,0.0,1.0,0.0,-0.07118948594476639,0.0,0.9974628098786039,0.06689871745580576,0.0,1.0020707271327391,0.0
0.9973999786126709,0.0,0.07206443410895268,0.0,1.0,0.0,-0.07206443410895268,0.0,0.9973999786126709,0.06772290831385122,0.0,1.0020665070811885,0.0
0.9973359271696006,0.0,0.07294551649521024,0.0,1.0,0.0,-0.07294551649521024,0.0,0.9973359271696006,0.06855292626615958,0.0,1.0020615265024513,0.0
0.99727063879181,0.0,0.0738327366672483,0.0,1.0,0.0,-0.0738327366672483,0.0,0.99727063879181,0.06938877570105714,0.0,1.002055769909025,0.0
0.9972040966025894,0.0,0.07472609797797293,0.0,1.0,0.0,-0.07472609797797293,0.0,0.9972040966025894,0.07023046081668781,0.0,1.0020492216885508,0.0
0.9971362836065895,0.0,0.07562560356942083,0.0,1.0,0.0,-0.07562560356942083,0.0,0.9971362836065895,0.0710779856209202,0.0,1.0020418661042665,0.0
0.9970671826903228,0.0,0.07653125637269036,0.0,1.0,0.0,-0.07653125637269036,0.0,0.9970671826903228,0.07193135393125205,0.0,1.0020336872954707,0.0
0.9969967766226804,0.0,0.07744305910787116,0.0,1.0,0.0,-0.07744305910787116,0.0,0.9969967766226804,0.0727905693747117,0.0,1.0020246692780048,0.0
0.996925048055463,0.0,0.07836101428397116,0.0,1.0,0.0,-0.07836101428397116,0.0,0.996925048055463,0.07365563538775655,0.0,1.0020147959447447,0.0
0.9968519795239282,0.0,0.07928512419884214,0.0,1.0,0.0,-0.07928512419884214,0.0,0.9968519795239282,0.07452655521616901,0.0,1.0020040510661103,0.0
0.9967775534473511,0.0,0.08021539093910317,0.0,1.0,0.0,-0.08021539093910317,0.0,0.9967775534473511,0.0754033319149498,0.0,1.0019924182905855,0.0
0.996701752129601,0.0,0.08115181638006272,0.0,1.0,0.0,-0.08115181638006272,0.0,0.996701752129601,0.07628596834820876,0.0,1.001979881145255,0.0
0.9966245577597327,0.0,0.08209440218563832,0.0,1.0,0.0,-0.08209440218563832,0.0,0.9966245577597327,0.07717446718905266,0.0,1.0019664230363519,0.0
0.9965459524125921,0.0,0.08304314980827564,0.0,1.0,0.0,-0.08304314980827564,0.0,0.9965459524125921,0.07806883091947141,0.0,1.0019520272498224,0.0
0.9964659180494378,0.0,0.08399806048886536,0.0,1.0,0.0,-0.08399806048886536,0.0,0.9964659180494378,0.07896906183022144,0.0,1.001936676951902,0.0
0.9963844365185763,0.0,0.0849591352566586,0.0,1.0,0.0,-0.0849591352566586,0.0,0.9963844365185763,0.07987516202070644,0.0,1.0019203551897065,0.0
0.9963014895560127,0.0,0.08592637492918151,0.0,1.0,0.0,-0.08592637492918151,0.0,0.9963014895560127,0.08078713339885689,0.0,1.0019030448918358,0.0
0.9962170587861163,0.0,0.08689978011214806,0.0,1.0,0.0,-0.08689978011214806,0.0,0.9962170587861163,0.08170497768100655,0.0,1.0018847288689934,0.0
0.9961311257223003,0.0,0.0878793511993721,0.0,1.0,0.0,-0.0878793511993721,0.0,0.9961311257223003,0.08262869639176758,0.0,1.0018653898146173,0.0
0.9960436717677174,0.0,0.08886508837267781,0.0,1.0,0.0,-0.08886508837267781,0.0,0.9960436717677174,0.08355829086390314,0.0,1.0018450103055274,0.0
0.995954678215968,0.0,0.08985699160180986,0.0,1.0,0.0,-0.08985699160180986,0.0,0.995954678215968,0.08449376223819878,0.0,1.001823572802583,0.0
0.9958641262518261,0.0,0.09085506064434182,0.0,1.0,0.0,-0.09085506064434182,0.0,0.9958641262518261,0.08543511146333134,0.0,1.0018010596513582,0.0
0.995771996951977,0.0,0.09185929504558446,0.0,1.0,0.0,-0.09185929504558446,0.0,0.995771996951977,0.08638233929573687,0.0,1.0017774530828274,0.0
0.9956782712857717,0.0,0.0928696941384928,0.0,1.0,0.0,-0.0928696941384928,0.0,0.9956782712857717,0.08733544629947629,0.0,1.0017527352140667,0.0
0.995582930115994,0.0,0.09388625704357303,0.0,1.0,0.0,-0.09388625704357303,0.0,0.995582930115994,0.08829443284610013,0.0,1.0017268880489676,0.0
0.995485954199644,0.0,0.09490898266878817,0.0,1.0,0.0,-0.09490898266878817,0.0,0.995485954199644,0.08925929911451116,0.0,1.0016998934789656,0.0
0.995387324188735,0.0,0.09593786970946404,0.0,1.0,0.0,-0.09593786970946404,0.0,0.995387324188735,0.09023004509082662,0.0,1.0016717332837806,0.0
0.9952870206311054,0.0,0.09697291664819413,0.0,1.0,0.0,-0.09697291664819413,0.0,0.9952870206311054,0.09120667056823793,0.0,1.0016423891321735,0.0
0.9951850239712443,0.0,0.098014121754745,0.0,1.0,0.0,-0.098014121754745,0.0,0.9951850239712443,0.0921891751468707,0.0,1.0016118425827132,0.0
0.9950813145511325,0.0,0.09906148308596059,0.0,1.0,0.0,-0.09906148308596059,0.0,0.9950813145511325,0.09317755823364228,0.0,1.0015800750845592,0.0
0.9949758726110974,0.0,0.10011499848566727,0.0,1.0,0.0,-0.10011499848566727,0.0,0.9949758726110974,0.0941718190421195,0.0,1.001547067978258,0.0
0.9948686782906822,0.0,0.10117466558457816,0.0,1.0,0.0,-0.10117466558457816,0.0,0.9948686782906822,0.09517195659237443,0.0,1.0015128024965507,0.0
0.9947597116295288,0.0,0.10224048180019851,0.0,1.0,0.0,-0.10224048180019851,0.0,0.9947597116295288,0.09617796971084058,0.0,1.0014772597651957,0.0
0.9946489525682768,0.0,0.10331244433673001,0.0,1.0,0.0,-0.10331244433673001,0.0,0.9946489525682768,0.0971898570301671,0.0,1.001440420803805,0.0
0.9945363809494743,0.0,0.10439055018497687,0.0,1.0,0.0,-0.10439055018497687,0.0,0.9945363809494743,0.0982076169890737,0.0,1.001402266526693,0.0
0.9944219765185047,0.0,0.1054747961222509,0.0,1.0,0.0,-0.1054747961222509,0.0,0.9944219765185047,0.09923124783220369,0.0,1.0013627777437388,0.0
0.9943057189245269,0.0,0.10656517871227815,0.0,1.0,0.0,-0.10656517871227815,0.0,0.9943057189245269,0.10026074760997784,0.0,1.0013219351612614,0.0
0.9941875877214289,0.0,0.10766169430510576,0.0,1.0,0.0,-0.10766169430510576,0.0,0.9941875877214289,0.10129611417844739,0.0,1.0012797193829086,0.0
0.9940675623687972,0.0,0.10876433903700936,0.0,1.0,0.0,-0.10876433903700936,0.0,0.9940675623687972,0.10233734519914646,0.0,1.0012361109105605,0.0
0.993945622232898,0.0,0.10987310883040173,0.0,1.0,0.0,-0.10987310883040173,0.0,0.993945622232898,0.10338443813894552,0.0,1.0011910901452419,0.0
0.993821746587674,0.0,0.11098799939374179,0.0,1.0,0.0,-0.11098799939374179,0.0,0.993821746587674,0.10443739026990333,0.0,1.0011446373880533,0.0
0.993695914615754,0.0,0.11210900622144535,0.0,1.0,0.0,-0.11210900622144535,0.0,0.993695914615754,0.10549619866912041,0.0,1.0010967328411098,0.0
0.9935681054094774,0.0,0.1132361245937962,0.0,1.0,0.0,-0.1132361245937962,0.0,0.9935681054094774,0.10656086021859164,0.0,1.0010473566084972,0.0
0.9934382979719305,0.0,0.11436934957685933,0.0,1.0,0.0,-0.11436934957685933,0.0,0.9934382979719305,0.10763137160506,0.0,1.0009964886972385,0.0
0.993306471217999,0.0,0.11550867602239448,0.0,1.0,0.0,-0.11550867602239448,0.0,0.993306471217999,0.10870772931986993,0.0,1.0009441090182736,0.0
0.9931726039754321,0.0,0.11665409856777217,0.0,1.0,0.0,-0.11665409856777217,0.0,0.9931726039754321,0.10978992965882194,0.0,1.0008901973874533,0.0
0.9930366749859211,0.0,0.11780561163589033,0.0,1.0,0.0,-0.11780561163589033,0.0,0.9930366749859211,0.11087796872202713,0.0,1.0008347335265442,0.0
0.9928986629061911,0.0,0.1189632094350937,0.0,1.0,0.0,-0.1189632094350937,0.0,0.9928986629061911,0.11197184241376341,0.0,1.0007776970642475,0.0
0.9927585463091068,0.0,0.12012688595909363,0.0,1.0,0.0,-0.12012688595909363,0.0,0.9927585463091068,0.11307154644233113,0.0,1.0007190675372308,0.0
0.9926163036847908,0.0,0.12129663498689133,0.0,1.0,0.0,-0.12129663498689133,0.0,0.9926163036847908,0.11417707631991121,0.0,1.000658824391172,0.0
0.9924719134417559,0.0,0.12247245008270165,0.0,1.0,0.0,-0.12247245008270165,0.0,0.9924719134417559,0.11528842736242306,0.0,1.000596946981815,0.0
0.99232535390805,0.0,0.1236543245958802,0.0,1.0,0.0,-0.1236543245958802,0.0,0.99232535390805,0.11640559468938459,0.0,1.0005334145760394,0.0
0.9921766033324151,0.0,0.12484225166085189,0.0,1.0,0.0,-0.12484225166085189,0.0,0.9921766033324151,0.11752857322377272,0.0,1.0004682063529424,0.0
